10 10
255 255 255 0 0 0 20 20 20 40 40 40 60 60 60 80 80 80 100 100 100 120 120 120 140 140 140 160 160 160
0 0 255 20 20 255 40 40 255 60 60 255 80 80 255 100 100 255 120 120 255 140 140 255 160 160 255 179 179 255
0 255 0 20 255 20 40 255 40 60 255 60 80 255 80 100 255 100 120 255 120 140 255 140 160 255 160 179 255 179
0 255 255 20 255 255 40 255 255 60 255 255 80 255 255 100 255 255 120 255 255 140 255 255 160 255 255 179 255 255
255 0 0 255 20 20 255 40 40 255 60 60 255 80 80 255 100 100 255 120 120 255 140 140 255 160 160 255 179 179
255 0 255 255 20 255 255 40 255 255 60 255 255 80 255 255 100 255 255 120 255 255 140 255 255 160 255 255 179 255
255 255 0 255 255 20 255 255 40 255 255 60 255 255 80 255 255 100 255 255 120 255 255 140 255 255 160 255 255 179
0 0 127 20 20 137 40 40 147 60 60 157 80 80 167 100 100 177 120 120 187 140 140 197 160 160 207 179 179 217
0 127 0 20 137 20 40 147 40 60 157 60 80 167 80 100 177 100 120 187 120 140 197 140 160 207 160 179 217 179
127 0 0 137 20 20 147 40 40 157 60 60 167 80 80 177 100 100 187 120 120 197 140 140 207 160 160 217 179 179